ERFNet_encoder weights:
1.346996,1.735906,1.441419,2.275653,2.203878,2.121798,2.558281,2.317742,1.517654,2.135958,1.834738,2.123857,2.665959,1.703171,2.496629,2.528314,2.530832,2.743244,2.389064,10.0
ERFNet_decoder weights:
1.023646,1.135421,1.037944,1.853612,1.696299,1.542178,2.658289,1.955491,1.053963,1.566814,1.198913,1.545711,3.025306,1.11874,2.460806,2.56101,2.569092,3.302527,2.143622,10.0
ENet weights:
4.363572,7.188593,5.087264,9.437396,9.276026,9.045236,9.804637,9.516575,5.662319,9.088848,7.784346,9.05168,9.871636,6.975896,9.752323,9.780681,9.782797,9.905354,9.628174,10.0
BiSeNet weights:
1.659118,2.08751,1.762877,2.725027,2.637127,2.537637,3.077885,2.776932,1.846038,2.554717,2.199813,2.540119,3.214551,2.050764,3.000124,3.04004,3.043217,3.313223,2.865445,10.0



ERFNet_encoder_weights = [
    1.346996, 1.735906, 1.441419, 2.275653, 2.203878, 2.121798, 2.558281, 2.317742, 1.517654, 2.135958, 
    1.834738, 2.123857, 2.665959, 1.703171, 2.496629, 2.528314, 2.530832, 2.743244, 2.389064, 10.0
]

ERFNet_decoder_weights = [
    1.023646, 1.135421, 1.037944, 1.853612, 1.696299, 1.542178, 2.658289, 1.955491, 1.053963, 1.566814, 
    1.198913, 1.545711, 3.025306, 1.11874, 2.460806, 2.56101, 2.569092, 3.302527, 2.143622, 10.0
]

ENet_weights = [
    4.363572, 7.188593, 5.087264, 9.437396, 9.276026, 9.045236, 9.804637, 9.516575, 5.662319, 9.088848, 
    7.784346, 9.05168, 9.871636, 6.975896, 9.752323, 9.780681, 9.782797, 9.905354, 9.628174, 10.0
]

BiSeNet_weights = [
    1.659118, 2.08751, 1.762877, 2.725027, 2.637127, 2.537637, 3.077885, 2.776932, 1.846038, 2.554717, 
    2.199813, 2.540119, 3.214551, 2.050764, 3.000124, 3.04004, 3.043217, 3.313223, 2.865445, 10.0
]